
100.000000
1.0000000000
0.0043187262
0.0046670061
0.0050210667
0.0053809803
0.0057468072
0.0061185947
0.0064963763
0.0068801713
0.0072699834
0.0076658009
0.0080675951
0.0084753206
0.0088889140
0.0093082941
0.0097333608
0.0101639956
0.0106000606
0.0110413988
0.0114878340
0.0119391708
0.0123951948
0.0128556728
0.0133203533
0.0137889671
0.0142612274
0.0147368314
0.0152154604
0.0156967810
0.0161804463
0.0318820195
0.0534094004
0.0527076760
0.0520574510
0.0514540469
0.0508933096
0.0503715389
0.0498854287
0.0494320164
0.0490086401
0.0486129019
0.0482426367
0.0478958847
0.0475708685
0.0472659724
0.0469797253
0.0467107847
0.0464579239
0.0462200195
0.0459960416
1.2024577092
1.0147146739
1.0013106595
1.5756458572
7.9234153494
9.7292475206
10.0998997584
10.0831162525
9.1001032012
4.3111181760
0.6244177690
0.0589524140
0.0052836220
0.0004712768
0.0000420178
0.0000037461
0.000000	0.000000	0.000000	
1.896208	0.047884	-0.054902	
1.904432	0.097156	-0.112345	